15.0532
1.16298
0.497046
11.6883
-3.15887
-13.6637
-5.63191
-7.68861
22.1729
-10.4624
17.3953
-9.53845
11.2075
8.30127
-2.27056
15.6763
21.5875
-7.34487
16.4804
-4.44312
10.1549
2.7938
2.31261
9.65498
-9.17441
14.4455
-3.59934
1.50424
-3.92895
-10.526
8.28015
-3.48398
-0.623945
15.467
-12.9935
-0.276433
1.11129
6.04292
4.31315
4.50537
-5.53432
-2.89242
2.67653
9.20238
-2.64341
-1.26356
1.38859
2.35769
-6.62863
-5.19395
4.68111
-0.974186
0.709057
-3.97619
11.0232
-1.92291
1.10414
-0.123217
-7.60767
7.35148
1.62852
2.17816
-5.53678
9.38685
-3.71094
-1.92545
