15.0532
0
1.16298
0
0.497046
2.07502
11.6883
0
-3.15887
7.51424
-13.6637
-17.6929
-5.63191
0
-7.68861
0.887493
22.1729
0.942583
-10.4624
30.8002
17.3953
0
-9.53845
8.4586
11.2075
5.51275
8.30127
-19.9269
-2.27056
-9.29676
15.6763
0
21.5875
2.08077
-7.34487
3.58239
16.4804
3.33667
-4.44312
7.05502
10.1549
21.9665
2.7938
0
2.31261
3.66275
9.65498
-3.53554
-9.17441
0.0843149
14.4455
-1.07447
-3.59934
-2.54714
1.50424
9.11148
-3.92895
0
-10.526
1.41727
8.28015
0.460853
-3.48398
5.55395
-0.623945
-2.31929
15.467
-11.0165
-12.9935
1.56173
-0.276433
12.8892
1.11129
0
6.04292
2.19547
4.31315
5.93733
4.50537
-12.696
-5.53432
5.56295
-2.89242
-5.60162
2.67653
2.29753
9.20238
-0.692145
-2.64341
0.895941
-1.26356
0
1.38859
0.995566
2.35769
-7.26371
-6.62863
3.26625
-5.19395
-3.14537
4.68111
3.87535
-0.974186
3.45218
0.709057
6.42213
-3.97619
5.65038
11.0232
-3.52711
-1.92291
0
1.10414
-3.01169
-0.123217
6.69056
-7.60767
2.92937
7.35148
7.88305
1.62852
-5.18345
2.17816
1.52959
-5.53678
-3.5311
9.38685
-5.97454
-3.71094
-5.76771
-1.92545
-4.79708
